-0.02212835
-0.02212835
-0.02212835
-0.02212835
-0.02212835
-0.02212835
-0.02212835
-0.02212835
-0.02212835
-0.02212835
-0.02212835
-0.02212835
-0.02212835
-0.02212835
-0.02212835
-0.02212835
-0.02212835
-0.02212835
-0.02212835
-0.02212835
-0.02212835
-0.02212835
-0.02212835
-0.02212835
-0.02212835
-0.02212835
-0.02212835
-0.02212835
-0.02212835
-0.02212835
-0.02212835
-0.02212835
-0.02212835
-0.02212835
-0.02212835
-0.02212835
-0.02212835
-0.02212835
-0.02212835
-0.02212835
-0.02212835
-0.02212835
-0.02212835
-0.02212835
-0.02212835
-0.02212835
-0.02212835
-0.02212835
-0.02212835
-0.02212835
-0.02212835
-0.02212835
-0.02212835
-0.02212835
-0.02212835
-0.02212835
-0.02212835
-0.02212835
-0.02212835
-0.02212835
-0.02212835
-0.02212835
-0.02212835
-0.02212835
-0.02212835
-0.02212835
-0.02212835
-0.02212835
-0.02212835
-0.02212835
-0.02212835
-0.02212835
-0.02212835
-0.02212835
-0.02212835
-0.02212835
-0.02212835
-0.02212835
-0.02212835
-0.02212835
-0.02212835
-0.02212835
-0.02212835
-0.02212835
-0.02212835
-0.02212835
-0.02212835
-0.02212835
-0.02212835
-0.02212835
-0.02212835
-0.02212835
-0.02212835
-0.02212835
-0.02212835
-0.02212835
-0.02212835
-0.02212835
-0.02212835
-0.02212835
-0.02212835
-0.02212835
-0.02212835
-0.02212835
-0.02212835
-0.02212835
-0.02212835
-0.02212835
-0.02212835
-0.02212835
-0.02212835
-0.02212835
-0.02212835
-0.02212835
-0.02212835
-0.02212835
-0.02212835
-0.02212835
-0.02212835
-0.02212835
-0.02212835
-0.02212835
-0.02212835
-0.02212835
-0.02212835
-0.02212835
-0.02212835
-0.02212835
-0.02212835
-0.02212835
-0.02212835
-0.02212835
-0.02212835
-0.02212835
-0.02212835
0.27973446
0.54518139
0.85660028
0.55473745
0.28929049
-0.02212835
-0.02212835
-0.02212835
-0.02212835
-0.02212835
-0.02212835
-0.02212835
-0.02212835
-0.02212835
-0.02212835
-0.02212835
-0.02212835
-0.02212835
-0.02212835
-0.02212835
-0.02212835
-0.02212835
-0.02212835
-0.02212835
-0.02212835
0.27973446
0.25920102
0.67777896
0.52569610
0.81167650
0.70451736
0.85660028
0.55473745
0.59115326
0.54518139
0.85660028
0.85660028
0.85660028
0.85660028
0.85660028
0.85660028
0.55473745
0.28929049
-0.02212835
-0.02212835
-0.02212835
-0.02212835
-0.02212835
-0.02212835
-0.02212835
-0.02212835
-0.30810872
-0.34598169
-0.85251617
-1.02906740
-0.92045128
-0.21816491
0.21427725
0.81167650
0.41853696
0.67777896
0.52569610
0.52569610
0.52569610
0.52569610
0.52569610
0.22383328
0.24436672
-0.17421123
-0.02212835
-0.02212835
-0.02212835
-0.02212835
-0.02212835
-0.02212835
-0.02212835
-0.02212835
-0.16716045
-0.52161205
-1.00002623
-1.28600657
-0.89286703
-1.43808937
-1.17884743
-1.18589818
-0.97647870
-0.85251617
-1.33093023
-1.33093023
-1.33093023
-1.02906740
-0.76362050
-0.46808413
-0.69565809
-0.50054246
-0.02212835
-0.02212835
-0.02212835
-0.02212835
-0.02212835
-0.02212835
-0.02212835
-0.02212835
-0.02212835
-0.02212835
-0.02212835
-0.16716045
-0.37657997
-0.64557457
-0.52161205
-1.00002623
-1.00002623
-1.00002623
-1.00002623
-1.00002623
-1.00002623
-0.98414373
-0.61153769
-0.32305202
-0.34120649
-0.02212835
-0.02212835
-0.02212835
-0.02212835
-0.02212835
-0.02212835
-0.02212835
-0.02212835
-0.02212835
-0.02212835
-0.02212835
-0.02212835
-0.02212835
-0.02212835
-0.02212835
-0.02212835
-0.02212835
-0.02212835
-0.02212835
-0.02212835
-0.02212835
0.27973446
0.11416893
-0.12356751
-0.58849895
-0.65262532
-0.02212835
-0.02212835
-0.02212835
-0.02212835
-0.02212835
-0.02212835
-0.02212835
-0.02212835
-0.02212835
-0.02212835
-0.02212835
-0.02212835
-0.02212835
-0.02212835
-0.02212835
-0.02212835
-0.02212835
-0.02212835
-0.02212835
-0.02212835
-0.02212835
-0.00624592
0.22132803
0.01032998
-0.69565809
-0.50054246
-0.02212835
-0.02212835
-0.02212835
-0.02212835
-0.02212835
-0.02212835
-0.02212835
-0.02212835
-0.02212835
-0.02212835
-0.02212835
-0.02212835
-0.02212835
-0.02212835
-0.02212835
-0.02212835
-0.02212835
-0.02212835
-0.02212835
-0.02212835
-0.02212835
-0.15127800
-0.43498632
-0.58849895
-0.65262532
-0.02212835
-0.02212835
-0.02212835
-0.02212835
-0.02212835
-0.02212835
-0.02212835
-0.02212835
-0.02212835
-0.02212835
-0.02212835
-0.02212835
-0.02212835
-0.02212835
-0.02212835
-0.02212835
-0.02212835
-0.02212835
-0.02212835
-0.02212835
-0.02212835
0.27973446
0.11416893
0.16241284
-0.69565809
-0.50054246
-0.02212835
-0.02212835
-0.02212835
-0.02212835
-0.02212835
-0.02212835
-0.02212835
-0.02212835
-0.02212835
-0.02212835
-0.02212835
-0.02212835
-0.02212835
-0.02212835
-0.02212835
-0.02212835
-0.02212835
-0.02212835
-0.02212835
-0.02212835
0.27973446
0.25920102
0.53274691
0.15536202
-0.34120649
-0.02212835
-0.02212835
-0.02212835
-0.02212835
-0.02212835
-0.02212835
-0.02212835
-0.02212835
-0.02212835
-0.02212835
-0.02212835
-0.02212835
-0.02212835
-0.02212835
-0.02212835
-0.02212835
-0.02212835
-0.02212835
-0.02212835
-0.02212835
0.27973446
0.25920102
0.53274691
-0.27565041
-0.58849895
-0.65262532
-0.02212835
-0.02212835
-0.02212835
-0.02212835
-0.02212835
-0.02212835
-0.02212835
-0.02212835
-0.02212835
-0.02212835
-0.02212835
-0.02212835
-0.02212835
-0.02212835
-0.02212835
-0.02212835
-0.02212835
-0.02212835
-0.02212835
-0.02212835
-0.00624592
0.22132803
-0.27565041
-0.73353106
-1.00707698
-0.50054246
-0.02212835
-0.02212835
-0.02212835
-0.02212835
-0.02212835
-0.02212835
-0.02212835
-0.02212835
-0.02212835
-0.02212835
-0.02212835
-0.02212835
-0.02212835
-0.02212835
-0.02212835
-0.02212835
-0.02212835
-0.02212835
-0.02212835
0.27973446
0.11416893
-0.12356751
-0.73353106
-1.00707698
-0.50054246
-0.02212835
-0.02212835
-0.02212835
-0.02212835
-0.02212835
-0.02212835
-0.02212835
-0.02212835
-0.02212835
-0.02212835
-0.02212835
-0.02212835
-0.02212835
-0.02212835
-0.02212835
-0.02212835
-0.02212835
-0.02212835
-0.02212835
0.27973446
0.25920102
0.53274691
0.31219280
-0.43021116
-0.18912365
-0.02212835
-0.02212835
-0.02212835
-0.02212835
-0.02212835
-0.02212835
-0.02212835
-0.02212835
-0.02212835
-0.02212835
-0.02212835
-0.02212835
-0.02212835
-0.02212835
-0.02212835
-0.02212835
-0.02212835
-0.02212835
-0.02212835
-0.02212835
-0.00624592
0.22132803
-0.27565041
-0.87447935
-0.54546618
-0.17421123
-0.02212835
-0.02212835
-0.02212835
-0.02212835
-0.02212835
-0.02212835
-0.02212835
-0.02212835
-0.02212835
-0.02212835
-0.02212835
-0.02212835
-0.02212835
-0.02212835
-0.02212835
-0.02212835
-0.02212835
-0.02212835
-0.02212835
0.27973446
0.11416893
0.17829530
-0.46808413
-0.84069020
-0.85499406
-0.50054246
-0.02212835
-0.02212835
-0.02212835
-0.02212835
-0.02212835
-0.02212835
-0.02212835
-0.02212835
-0.02212835
-0.02212835
-0.02212835
-0.02212835
-0.02212835
-0.02212835
-0.02212835
-0.02212835
-0.02212835
-0.02212835
0.27973446
0.25920102
0.53274691
-0.27565041
-0.58849895
-0.65262532
-0.02212835
-0.02212835
-0.02212835
-0.02212835
-0.02212835
-0.02212835
-0.02212835
-0.02212835
-0.02212835
-0.02212835
-0.02212835
-0.02212835
-0.02212835
-0.02212835
-0.02212835
-0.02212835
-0.02212835
-0.02212835
-0.02212835
-0.02212835
-0.00624592
0.22132803
0.02621238
-0.16622134
-0.43021116
-0.18912365
-0.02212835
-0.02212835
-0.02212835
-0.02212835
-0.02212835
-0.02212835
-0.02212835
-0.02212835
-0.02212835
-0.02212835
-0.02212835
-0.02212835
-0.02212835
-0.02212835
-0.02212835
-0.02212835
-0.02212835
-0.02212835
-0.02212835
0.27973446
0.11416893
0.17829530
-0.45220163
-0.60903239
-0.23404737
-0.17421123
-0.02212835
-0.02212835
-0.02212835
-0.02212835
-0.02212835
-0.02212835
-0.02212835
-0.02212835
-0.02212835
-0.02212835
-0.02212835
-0.02212835
-0.02212835
-0.02212835
-0.02212835
-0.02212835
-0.02212835
-0.02212835
-0.02212835
-0.30810872
-0.04411889
-0.58706927
-1.01951146
-1.04494989
-1.00707698
-0.50054246
-0.02212835
-0.02212835
-0.02212835
-0.02212835
-0.02212835
-0.02212835
-0.02212835
-0.02212835
-0.02212835
-0.02212835
-0.02212835
-0.02212835
-0.02212835
-0.02212835
-0.02212835
-0.02212835
-0.02212835
-0.02212835
-0.02212835
-0.16716045
-0.80759239
-0.89286703
-1.15210903
-0.85499406
-0.50054246
-0.02212835
-0.02212835
-0.02212835
-0.02212835
-0.02212835
-0.02212835
-0.02212835
-0.02212835
-0.02212835
-0.02212835
-0.02212835
-0.02212835
