-0.478414118290
-0.354451626539
-0.145032092929
-0.152082875371
0.107159130275
-0.285980373621
0.311418831348
0.265446931124
0.301862806082
0.272480279207
-0.032311458141
0.180247321725
-0.134253591299
0.106544174254
0.087932333350
0.209178447723
0.049318891019
-0.285488367081
0.248341217637
0.037220209837
-0.312069624662
-0.256372809410
-0.521811485291
-0.141181230545
-0.323290437460
0.004834120627
0.110495842993
0.271662920713
-0.087141610682
-0.146719858050
0.142565265298
-0.192846447229
-0.468968391418
-0.287256181240
-0.388873249292
0.038196377456
-0.027826361358
-0.269920915365
0.066015452147
-0.017133262008
0.314282745123
0.191920131445
-0.389271229506
-0.185049816966
0.214360594749
-0.425420045853
0.142965614796
0.249759957194
-0.265450805426
-0.272377312183
0.213725522161
-0.126538768411
0.079667739570
0.271381467581
-0.209894090891
-0.216518476605
0.327008932829
-0.105133719742
0.047938153148
0.187541157007
0.348129272461
0.079784952104
-0.273520767689
0.223449692130
0.155643269420
-0.222160488367
-0.102029643953
0.286999762058
-0.122068770230
0.152962118387
-0.277279555798
0.140231058002
0.235566273332
-0.011723735370
-0.299091070890
0.121730402112
0.228092655540
-0.295155614614
0.018182465807
-0.152086868882
-0.249104037881
0.218773826957
-0.024726144969
0.147103264928
-0.310916662216
0.183545902371
0.241777166724
0.291344434023
0.320932894945
-0.052701722831
0.021016655490
0.095649160445
-0.082554027438
0.153405338526
0.031374402344
-0.326052844524
-0.154265686870
-0.234786361456
0.186400100589
0.112366653979
-0.598204731941
-0.104664735496
-0.195208147168
-0.199625924230
0.374238789082
-0.420553207397
-0.165564894676
0.287785381079
0.218379914761
0.157871246338
0.178169488907
-0.325468182564
-0.133097395301
-0.308858931065
0.112786613405
-0.075951598585
-0.191855564713
0.264189124107
0.087293267250
0.307674676180
0.085014745593
-0.056242171675
-0.191917508841
-0.134484291077
0.003322602483
-0.068660266697
0.032672565430
0.297498464584
-0.144820541143
-0.070577874780
0.097706668079
0.270215928555
-0.066277593374
-0.240546211600
-0.009758464992
-0.166177347302
0.284306585789
0.174579858780
0.173019155860
0.222810238600
-0.080289579928
-0.222949042916
0.254549860954
0.039005037397
